,AAPL34.SA,ABEV3.SA,ALOS3.SA,AMZO34.SA,ATTB34.SA,AZUL4.SA,B3SA3.SA,BBAS3.SA,BBDC3.SA,BBDC4.SA,BBSE3.SA,BEEF3.SA,BERK34.SA,BOAC34.SA,BOVA11.SA,BPAC11.SA,BRCR11.SA,BRFS3.SA,BRKM5.SA,CATP34.SA,COCA34.SA,CPFE3.SA,CYRE3.SA,DISB34.SA,DXCO3.SA,EGIE3.SA,ELET3.SA,ENGI11.SA,EQTL3.SA,EZTC3.SA,FLRY3.SA,GOAU4.SA,GGBR4.SA,GOGL34.SA,GSGI34.SA,HCTR11.SA,HGLG11.SA,HGRE11.SA,HSML11.SA,HUSC11.SA,HYPE3.SA,IRBR3.SA,ITLC34.SA,ITSA4.SA,ITUB4.SA,JBSS3.SA,JHSF3.SA,JNJB34.SA,JPMC34.SA,KLBN11.SA,KNCR11.SA,KNIP11.SA,KNRI11.SA,KNHY11.SA,LREN3.SA,MCCI11.SA,M1TA34.SA,MCDC34.SA,MELI34.SA,MSCD34.SA,MSFT34.SA,MGLU3.SA,MULT3.SA,MXRF11.SA,NEOE3.SA,NFLX34.SA,NIKE34.SA,NVDC34.SA,NVHO11.SA,ORCL34.SA,PEPB34.SA,PETR4.SA,PFIZ34.SA,PRIO3.SA,PYPL34.SA,RADL3.SA,RAIL3.SA,RBRY11.SA,SANB11.SA,SBUB34.SA,SLCE3.SA,STBP3.SA,SUZB3.SA,TAEE11.SA,TGAR11.SA,TIMS3.SA,TOTS3.SA,TSLA34.SA,UGPA3.SA,USIM5.SA,VALE3.SA,VBBR3.SA,VILG11.SA,VISA34.SA,VISC11.SA,VIVT3.SA,VGIR11.SA,WEGE3.SA,ZAMP3.SA
AAPL34.SA,0.000498402780374697,4.275638105363184e-05,5.179745478000388e-05,0.00033070278510024094,0.0001517907602553707,8.064008906299484e-05,5.70482051501078e-05,5.537643259134526e-05,7.421019068997365e-05,7.174003738650008e-05,3.0991127626809324e-05,9.405130409174192e-05,0.0001760949289682601,0.0001970870440831505,8.26056162136397e-05,0.0001329016077875299,1.6454143166216934e-05,9.630847455722753e-05,0.00016008558822140957,5.46641675499475e-05,0.0001237298134979759,1.6361410127868175e-05,3.012197322843631e-05,0.00020614735914057904,7.76162631874355e-05,4.607154445425213e-05,5.6982497783865354e-05,4.060041577843978e-05,3.9618879941015654e-05,5.430553429215232e-05,3.4010523918635304e-05,0.00013246699035286498,0.0001236015917898216,0.00030947872968141703,0.00010890191389046209,2.4658769975143283e-05,2.0586981391110768e-05,2.8214521427556614e-05,1.367898627469431e-05,-1.0475003805103877e-05,8.590776397985009e-05,7.76605606851798e-05,0.00028447887854144235,4.73957458767622e-05,4.949058029718983e-05,0.00014057754600878074,5.090597451769347e-07,0.00017107317299378436,0.00019976937562656352,0.00011185709090381133,-1.1022189319467583e-05,-9.593503549065549e-06,1.71746869648497e-05,-1.555185844517618e-05,3.772750016206399e-05,7.863410008133006e-06,0.000344656039383123,0.00015112203402944583,0.00037460943031720605,0.0002314622277165737,0.0003580874505164427,0.00014896496242443127,2.1192227803116787e-05,2.139206824153091e-05,4.652876388123465e-05,0.0002951538679567695,0.00019632321729170417,0.0004156857188153908,1.9865948387929818e-05,0.00014968199188660587,0.00011783967712048827,9.55850591528247e-05,0.00016296081261205813,0.00012803505454835696,0.00028533968199488636,3.109037761510829e-05,8.452916129371791e-05,5.4750289726833495e-06,4.830658986329484e-05,0.0001784700184729779,4.4662601704077887e-05,1.6887293712271097e-05,0.00014434886072846347,1.750579530751481e-05,2.281255656937723e-05,5.954005160658604e-05,0.00010760448282437401,0.0004447416527403551,0.00010618070537094827,9.821346979498662e-05,0.00013820654084118898,4.2683829212808895e-05,2.5416948306873933e-06,0.0002343660024397609,2.8446295033802356e-05,5.831372030438103e-05,-1.4268572425932485e-06,8.06514727744458e-05,7.926522652607491e-07
ABEV3.SA,4.275638105363184e-05,0.00040536990966068504,0.0002808037535569524,-8.838111489472645e-06,2.187192458047897e-05,0.00047333883505693686,0.0002449901291472637,0.00025371829280611627,0.0002577877864941886,0.0002629964950519101,0.00015243766815174064,0.00015521466946112625,-1.5392524041209152e-06,9.760772016433537e-05,0.00021913386172534488,0.0003004976748158719,4.699933507359419e-05,0.0002719161034527877,0.00027824951673952503,1.4228324545606127e-07,1.4460447667018844e-05,0.00018035987276034124,0.00033805018862542084,3.872141453369168e-05,0.0002541010069540283,0.00013826217335769408,0.000274687987770234,0.00019020035942281886,0.00017141742744225977,0.0003156014813721953,0.0001927125153958044,0.00021285198794207937,0.00019744922255265736,2.0642021712269576e-05,5.400244382229825e-06,1.628876248984473e-05,5.7784559115039126e-05,5.153400125859028e-05,5.8086692880733677e-05,-2.6539351048705703e-06,0.0001998939170906768,0.00025260734016370316,1.7558418639350315e-05,0.00021944465277892207,0.00023147369805303389,0.00017124023747363843,0.0002683054728264354,-1.7369043947320927e-05,7.88752633240174e-05,9.110678096275398e-05,1.5067000938605455e-05,1.5179879869675879e-05,4.9193971426777995e-05,3.1107321974315975e-05,0.000286563557411034,2.6515220452732945e-05,2.2042700211754054e-05,7.70279042581573e-06,7.906190208810783e-05,2.3297314441243958e-05,4.008773130152718e-05,0.0002699031639261901,0.0002817890629922689,3.949770563212107e-05,0.00018367381484322317,7.070428539094674e-07,1.5674789497379343e-05,4.9952592591046483e-05,3.893016095872825e-05,-1.663177108334609e-05,-2.4176589075058064e-05,0.00025159572229803927,-1.6121163327811176e-05,0.00026026622167365273,1.8850945037881793e-05,0.00017731939597804463,0.00024252094757502198,2.2401671947738947e-05,0.00025272385479773937,2.878411776778585e-05,9.884014645464142e-05,0.0002427191257045056,6.986731059836062e-05,9.085234782148794e-05,3.99330404008849e-05,0.0001802327269144254,0.00021576558040645064,0.00010126373523995247,0.00035881613811227067,0.00021781786638941556,0.00012305544300264106,0.00026490231474771787,5.274934811394216e-05,1.9926987902275965e-06,6.42460770658643e-05,0.00014017938365490357,5.665556315582449e-05,0.00020475565751095187,0.00027736699053168036
ALOS3.SA,5.179745478000388e-05,0.0002808037535569524,0.0009005904828040806,-1.5343401122811807e-05,-9.404864200441479e-06,0.0009125493350842457,0.0005184253538774562,0.0004663023438551961,0.00043922392022930696,0.00045066616261027926,0.0002497529306587111,0.00024401174470269302,-5.877364101919252e-06,0.0001381859799817236,0.00038136331215284753,0.0006641810815231728,9.891956397712957e-05,0.00045532759654619287,0.00046866374536453135,-2.3350862249817317e-05,3.819983979097191e-06,0.00031455179319753244,0.0007771491053666945,0.00011321428445562856,0.0005328210286996773,0.00022575639087006258,0.0005037342794427156,0.00037863162787180266,0.0003277325800735261,0.0007493647601234593,0.0003632026808435143,0.00032922629792808754,0.00033155102171121944,3.959753577548212e-05,-9.590307696103609e-06,5.924093632109531e-05,0.00012042176357913596,0.00013668434882414221,9.221369445511381e-05,-2.087316184346531e-05,0.000386247465335924,0.0005464324506156108,6.959419282517493e-06,0.0003494014248262264,0.0003596094978297987,0.00028716065665335166,0.0006657139182989139,-5.861953028506104e-05,8.763669166805826e-05,0.00014147404061942966,2.5376698518546708e-05,2.6667099478577564e-05,0.00010049053685196219,3.9271943220946e-05,0.0006696721717089543,5.039135235327209e-05,5.98523229580865e-05,2.734835928077458e-05,0.00015097551994251168,8.495668110722202e-05,5.740017238913608e-05,0.0006658990728388083,0.0007295616379402144,6.22979452107867e-05,0.0003222687366262668,-5.632694399380601e-05,2.015222394326565e-05,8.608625882440557e-05,8.185140024044133e-05,-4.584650367335593e-05,-6.485460794499381e-05,0.0004224068790228755,-7.256199731261328e-05,0.0005149189828752923,5.366158850925985e-05,0.0002660382912419261,0.00044857106148051077,-1.4548052475432735e-06,0.0003980413237056927,8.382061413274121e-05,0.00015558607818670915,0.0006141859089042999,5.7831992802212507e-05,0.00016548093201028722,6.658818959463206e-05,0.00031654191813400555,0.00044478167264532805,0.00017174236276767244,0.0005358947116733513,0.0003754053202241473,0.00020972687108039746,0.0005192263991890936,9.951325699427527e-05,5.22283523016917e-05,0.00013575052349554237,0.00023293195993906115,5.611525972909568e-05,0.00027676703259367925,0.0005799756009377016
AMZO34.SA,0.00033070278510024094,-8.838111489472645e-06,-1.5343401122811807e-05,0.000632616946162573,9.840552977894831e-05,-2.0140267349873302e-05,-1.1213855961615075e-05,-5.741491714434827e-05,-1.96331303128042e-05,-2.0514580800450306e-05,-2.097317962420452e-05,8.903182119713469e-05,0.00014159767610775648,0.0001303990384702047,1.1724117098470172e-05,2.266042749474776e-05,-1.1059871662990065e-05,5.1803223323658996e-05,5.4024228577895316e-05,5.200765926039126e-05,9.167763553654339e-05,-4.594629194734756e-05,-3.715516070363996e-05,0.00021932688854880966,-5.453477101097156e-07,-1.2043108541945319e-05,-4.5837149680398496e-05,-2.0896205763610975e-05,-8.229126906839658e-06,-3.3226464600421005e-05,-6.558539315162687e-07,2.925549167933131e-05,2.7657094081146763e-05,0.00033562312051237954,0.00012921197152577897,-5.09417116746906e-06,-2.8218940226588342e-06,9.870402633712392e-06,-1.9970154384891353e-05,1.0362127275712144e-05,1.243967905936469e-05,-2.483919256381056e-07,0.00027335350169784575,-1.681138860786215e-05,-1.7500324008443524e-05,6.676056758022603e-05,-2.5763559847092154e-05,0.00011472547038536038,0.00012337858598577577,7.356679529267744e-05,-1.0821353014230348e-05,-7.021201731803541e-06,-6.993390607583208e-06,-1.85947593343307e-05,-1.6531356701911123e-05,-2.1827581127429194e-05,0.00043060833387985694,0.00010503309453819957,0.0004432396829496166,0.00020956940067673582,0.00033804579027814125,5.882319098649877e-05,-4.768920999225083e-05,-4.17327504011261e-06,-8.744579226699819e-06,0.000385894121834845,0.00022565059841036803,0.00043286005748689613,2.5591486257434555e-05,0.0001489446043651401,0.00011723899955869394,-3.804422105838426e-05,0.00011752157416440278,6.6341106515189054e-06,0.0002973210554579081,1.3672329996048998e-05,2.3440723298151955e-05,-1.2925891490581511e-05,-2.4765333959189984e-05,0.0001854378683389432,6.487377843627295e-06,4.4380266836678355e-06,9.5328949406537e-05,-1.7774327337951297e-05,4.484643197117356e-06,1.4827271403250692e-05,8.355628931862818e-05,0.0004411003694607272,-8.568824840888603e-06,1.6073559709756685e-05,5.599437634933389e-05,-4.0848609889089385e-05,-2.2437913214886654e-05,0.00019863629386946712,-1.3509601578487004e-05,1.1661655240249788e-05,-2.1288327236501097e-05,4.4631715336832385e-05,-2.553146255257657e-05
ATTB34.SA,0.0001517907602553707,2.187192458047897e-05,-9.404864200441479e-06,9.840552977894831e-05,0.0003808663939338506,-6.03706779994213e-07,-2.5759336874974786e-05,3.140927593718608e-05,3.586857375401702e-05,3.8004348700826525e-05,1.0668736039742657e-05,1.5118198929448845e-05,0.00014503058858210866,0.00021584699022759071,2.136275973045537e-05,1.0654198953621691e-05,1.981787397177511e-05,5.742525445814255e-05,9.02492116768423e-05,9.009016071761817e-05,0.0001214761394081217,-4.894846837552457e-06,-3.7515092264569136e-05,0.0001565579188652388,3.1234312132510954e-06,1.0233086508546883e-06,1.1479066891555664e-05,-6.309966926314753e-06,-5.447688385322483e-06,-3.705224676552725e-05,-6.213622777920562e-06,7.049864027799481e-05,5.971696090807462e-05,0.0001107233988525292,0.00012031332116537102,1.335484945411734e-05,1.782822381538028e-05,1.9821940327624067e-05,2.2401092863737663e-05,-4.6552189214278535e-06,-6.0889328179648385e-06,-6.992883131031643e-06,0.00015561511940566464,2.7611403934257855e-05,3.051784233519952e-05,3.689041348041283e-05,-5.216709885556557e-05,0.00014972041584092387,0.00019207097791134196,2.5591240043468592e-05,6.021841923251688e-06,-4.5256482543035176e-06,1.694813449448591e-05,9.34721167566952e-06,-2.076601871896805e-05,2.0331430182364735e-05,0.00010090860139854604,0.00012088002013517327,7.117228438058894e-05,0.00014083695946782456,0.00011898878459479467,-3.815888648886136e-05,-2.8777571288537902e-05,2.523053894435423e-05,1.0441669153071788e-05,9.057535895109052e-05,0.00011077008948616129,8.472035646704442e-05,-2.5720309123615026e-05,8.160284275754808e-05,8.863223093365771e-05,2.706276560363647e-05,0.00014830981500758793,6.846510417991578e-05,0.00010149999360083003,-1.929415066551509e-05,-1.3748863969901018e-05,2.923270287629764e-05,3.7684723283265874e-05,0.00010146611862587869,2.2970515912467605e-05,-5.0657962277092115e-05,4.666621099995184e-05,6.500833122662467e-06,1.3880383214707323e-05,3.586528836232597e-05,-2.9854598495295643e-05,0.00010954489094210883,1.0139594461081877e-05,5.916492663813075e-05,7.88653753642859e-05,1.710606891853604e-06,1.376244391862216e-05,0.00014704300135841148,3.712822652168531e-05,1.8465972259044535e-05,3.2879313889947984e-05,-1.0078314127013546e-05,-1.2644319196351779e-05
AZUL4.SA,8.064008906299484e-05,0.00047333883505693686,0.0009125493350842457,-2.0140267349873302e-05,-6.03706779994213e-07,0.002606180349178212,0.0007660382382930595,0.0006941121958728481,0.0006602722425978456,0.0006836055426442621,0.00033646471694259066,0.0003775937954971661,1.5754860051883764e-05,0.00027776349323409646,0.000593590633427204,0.0009275393074692762,0.00018746264099107728,0.0007438806838333603,0.0007835700056283139,3.4808406382567086e-05,-3.8838516971409234e-05,0.0004323016023099722,0.0010877704864516182,0.00019892825337608229,0.0008643962123977782,0.0003186464380080295,0.0007647562220561338,0.0005228787228769846,0.00044015272732994234,0.0010381995901472278,0.0005550390881625982,0.0006045425004219455,0.0005739295131119653,6.893580188353024e-05,9.826398129625284e-05,8.417528427345181e-05,0.0002186068743905629,0.0001963867016231975,0.00021594385259373117,5.748881049995183e-05,0.0004861514604813152,0.0008776255516938839,6.616215438447894e-05,0.0005160610293462056,0.0005518526828206017,0.00043302858634136507,0.0008828441294106803,-0.00015704242524534285,0.00019551779230955301,0.00023073095592199532,8.250098657950898e-05,6.30412828405383e-05,0.0001587820623173725,0.00010670760485537219,0.0009171927274902995,0.00012943720739818688,7.939654953961745e-05,3.5990422649588544e-05,0.0004024113177342596,0.00012800942809237,4.7268462075163304e-05,0.0010658846347616096,0.0008032023930955925,0.00012200584165336364,0.0004443748581564878,-2.8433548632751968e-05,6.0275183017313376e-05,0.00018006112290045083,0.00010705304326291339,-0.00011853990743269249,-0.00019217803439712018,0.0006938126124944407,-0.00012050409885598618,0.0009303246829228971,3.5343970069704825e-05,0.00038370424311810856,0.000670697432778849,7.898193933827925e-05,0.0006426280303972722,0.00013663724760400013,0.00020096397751263306,0.0009195513432390207,0.00015524149693993018,0.00022730922480435593,0.0001254799613782161,0.00038467198840327085,0.000690407564729038,0.0003266418459606372,0.0008121709293349227,0.0007171399309660688,0.00037823429066496125,0.0007544064924171067,0.0002201046774426138,7.073584764435925e-05,0.00026553368404952143,0.00027375520308416015,0.00017254074810648884,0.0004988650222465472,0.0009647863220611264
B3SA3.SA,5.70482051501078e-05,0.0002449901291472637,0.0005184253538774562,-1.1213855961615075e-05,-2.5759336874974786e-05,0.0007660382382930595,0.0007740671687395714,0.0004002498826470626,0.0003866682171967337,0.00038418766166213575,0.0002376548389080142,0.00021885258045684,-2.1623293825747922e-05,8.043418259366033e-05,0.00036845930062458986,0.0006177042496979845,9.021562013981018e-05,0.0003817373987012888,0.0004161233701004051,-4.956912268674166e-05,-3.393970020275232e-05,0.00029098029113355404,0.0006447818101172882,2.5428232826533407e-05,0.0005129995366105447,0.00020915046276907083,0.0004753615048175167,0.00030256208989732996,0.000309073561624087,0.0006286546746308342,0.000333777447615113,0.0003394568325444962,0.00032550319671903564,3.445516657071025e-05,-1.5523825508219904e-05,4.7013908558679163e-05,7.90167055476945e-05,8.038062024763485e-05,8.508696597267012e-05,2.5845125212611673e-06,0.000340301196802407,0.0004256147202371257,1.253268450176932e-05,0.0003221128878333683,0.0003331688204966303,0.0002477452715550494,0.0005146898198650738,-6.23796402223443e-05,4.086426163040768e-05,0.00011241487100920228,2.9620635298056015e-05,9.397193624182143e-06,6.983519149676079e-05,3.200237671991415e-05,0.0005130714802853895,6.006852311457169e-05,1.464676292112949e-05,1.3733318265629854e-06,0.00024567742232392494,4.793717547151467e-05,5.5180657606772784e-05,0.0006761110801798408,0.0004649078440144707,5.594558947851773e-05,0.00024809561711554404,-2.2618618165594416e-05,-1.7092668657907552e-05,0.00010789608756020643,4.758099264415112e-05,-3.3876620313457215e-05,-7.095374148539638e-05,0.00035832147721899873,-5.9996905829566046e-05,0.0004702337794497414,2.7104094896896056e-05,0.0002483274106050607,0.00037218173462944193,3.950898153621704e-05,0.0003541431061253327,3.789302770734081e-05,0.00016163415215029593,0.0004679194343482176,6.336370743028077e-05,0.00014546945594405387,6.13499723662195e-05,0.00023191756064027522,0.00045157242481345234,0.0001693305370461777,0.0005264124216922304,0.00038381652503452024,0.00024152241008854457,0.0004659310242420296,7.383235051054915e-05,7.916167721774815e-06,0.0001046698667300998,0.0001868618698315403,5.129068209750682e-05,0.00033005209563181947,0.00045634091991170894
BBAS3.SA,5.537643259134526e-05,0.00025371829280611627,0.0004663023438551961,-5.741491714434827e-05,3.140927593718608e-05,0.0006941121958728481,0.0004002498826470626,0.0006475304835730955,0.0004831260937479067,0.0004891068343179439,0.00025746374810520776,0.00019464526069965462,1.576844304208539e-05,0.00016688815131012054,0.00036108802821846323,0.0005225352259230679,8.995768248660329e-05,0.0003282039370600045,0.0004484074860907333,-9.539962452158159e-07,1.8567714528889385e-05,0.0002759633089723801,0.0005569864217882546,6.350431930008916e-05,0.0004033516388947741,0.0002045491844570248,0.00048220978851367194,0.0002857705992655358,0.0002566099615838761,0.000512802017636622,0.0002649436824666267,0.00035862478258499647,0.0003480506377202277,2.130844633316833e-05,2.3120058937663146e-05,6.335893184100842e-05,0.00010245817283159558,0.00010882071772807401,9.506392375090301e-05,1.308661452743185e-05,0.00026805862442493564,0.0004519828160270136,1.8683290514639594e-05,0.00038583501299318564,0.0004230365630734786,0.00023358402078478723,0.0004243051672753495,-3.633211270731477e-05,0.0001366494298989419,0.00010108748280977129,4.1533554211990486e-05,2.5625026439421147e-05,8.894699260474163e-05,4.087306112019687e-05,0.00043785634711257445,7.586024187316255e-05,2.188712511416272e-06,2.0917788395331814e-05,7.629657553725135e-05,5.3451640833268456e-05,2.160839636399606e-05,0.0004298010868050331,0.00043315881318000375,8.421270128814434e-05,0.00026313698062725255,-6.441018892495032e-05,-2.2262422946542916e-05,4.531468948078911e-05,6.257940216998844e-05,-5.5024871621513965e-05,-6.989381951927662e-05,0.0004951459277746051,-2.186399517825776e-05,0.0004881652923920843,-1.236274336089228e-05,0.00016269806086161208,0.0003158702387856752,4.236721680214461e-05,0.00044773811315367614,6.092499422881821e-05,0.00013664372457119692,0.0003809540824842825,4.748201635864877e-05,0.0001390079351168891,6.783144095344682e-05,0.00023735394437403466,0.00031785206653461054,8.845255140828967e-05,0.00047806936439619293,0.0004045850890660538,0.0002663714154747461,0.0004380287619332439,8.65938007243446e-05,4.2385433114147135e-05,0.00014501149485057858,0.0001670934446014535,8.307013970939659e-05,0.00021205770757460693,0.00040306657284737305
BBDC3.SA,7.421019068997365e-05,0.0002577877864941886,0.00043922392022930696,-1.96331303128042e-05,3.586857375401702e-05,0.0006602722425978456,0.0003866682171967337,0.0004831260937479067,0.0005612514765962089,0.0005692431404702581,0.00022512213121877068,0.0001604368270746267,3.388312645405744e-05,0.00017368504473601044,0.0003404023718404812,0.0004967284412537163,7.846455155427309e-05,0.00032510740849013597,0.00043642123586900856,2.718719768008736e-05,2.442070446092665e-05,0.00024521432661141755,0.0005087913304708691,9.241125495918611e-05,0.0003672396054979828,0.00019252703333575723,0.0004257943259929851,0.00025877818919725685,0.0002473834891939013,0.0004640522686357225,0.00024387819430406033,0.0003496195931153882,0.0003401437057433925,3.4850862816123995e-05,3.742710193561131e-05,4.870879330946493e-05,7.285993147069165e-05,7.942106833209801e-05,6.725554237966774e-05,-1.4414468989562601e-06,0.00026738910941263594,0.00042192396735030527,4.273311389807242e-05,0.0003943795679033695,0.00044189486673654416,0.00020904524139652786,0.0003792670304346631,-1.6857037761663613e-05,0.00012893603128855076,9.338710127473639e-05,2.186120807024153e-05,8.05304050426796e-06,6.728145049100959e-05,2.6133427914172075e-05,0.0004193034679763884,5.5639925260765324e-05,-1.5180248351463278e-05,1.6579332882928265e-05,7.656590864351341e-05,7.186666047693982e-05,4.081141964564842e-05,0.0003900858812573004,0.0004064962724515394,7.132918700074346e-05,0.00024589434622296103,-4.630461158792826e-05,-2.1989820628016493e-06,4.2380423991133724e-05,6.725723322713336e-05,-4.4978948636638435e-05,-4.622089338821693e-05,0.0004142123748752706,-9.75379159176096e-06,0.0004330280807991472,8.576657461917864e-06,0.00016228995096895436,0.00030353252317743786,3.573295581334536e-05,0.00046504695808767153,5.8294300629754504e-05,0.00011153851162346506,0.00033019878495275484,4.928663405954717e-05,0.00012272642628853513,5.3936954642213126e-05,0.00021164525113483433,0.00027327013136553444,0.00010554116374421,0.00044716181701633616,0.0003821023846110382,0.00026385726883104395,0.0003915110603462736,5.766460358386806e-05,5.0889848016827305e-05,0.00010352347720402859,0.00016525412822763257,6.339270825432367e-05,0.000201314718326391,0.00036341521051059644
BBDC4.SA,7.174003738650008e-05,0.0002629964950519101,0.00045066616261027926,-2.0514580800450306e-05,3.8004348700826525e-05,0.0006836055426442621,0.00038418766166213575,0.0004891068343179439,0.0005692431404702581,0.000616631788293594,0.00021814175400155643,0.0001650239597389798,3.636076341995786e-05,0.00018291477369217023,0.0003424167223139838,0.0004978665200203959,7.781576553835282e-05,0.00034273099615398343,0.00043934175698353,2.7536209823886204e-05,3.198363188832572e-05,0.000244591302220594,0.0005186688660277818,0.00010373759151601076,0.0003677035812752344,0.0001859438231233372,0.0004204566729551085,0.0002668035708677394,0.00024599022636251984,0.0004694699975309297,0.00024521526294627057,0.00034404784640091165,0.00033483778177597213,3.660153304965629e-05,4.319641559699972e-05,4.291459969165123e-05,8.369255948048115e-05,8.542575433357902e-05,6.207554491041928e-05,-1.100143593537468e-05,0.00026735068726792824,0.000420052839374599,3.758049311919837e-05,0.000405221223388354,0.00046161941302434365,0.00021916767336330306,0.000387804312317157,-2.02692976970492e-05,0.0001403865475234693,9.899755875318729e-05,2.3430867167815857e-05,9.209055789726486e-06,6.887827780140249e-05,3.020366476088453e-05,0.00042974949162831867,4.907958195102269e-05,-1.6813490188083717e-05,2.1924968449689307e-05,7.112422729579233e-05,7.319540408788364e-05,4.2184792580336724e-05,0.00039439146104799136,0.00041135066934549656,6.872767311457263e-05,0.0002466035371550768,-5.3988924907176874e-05,-2.290721360738948e-06,4.2237115585459636e-05,6.568917364592353e-05,-4.358702583359936e-05,-4.855184139239529e-05,0.0004211351033910408,-1.147580275136475e-05,0.000428748448633482,6.7612973552577206e-06,0.0001587759158408197,0.00031171144981514005,3.229090858089777e-05,0.00048050920803588675,5.984770033351744e-05,0.00010836426110656502,0.000339602479698814,5.989230402129796e-05,0.00012019763721614731,5.4523128008536117e-05,0.00021017440854014462,0.000264410671205696,0.00011377974251775561,0.0004495205033667463,0.00038183136344990305,0.00026299776517082324,0.00038796803736129096,6.0875435739914625e-05,5.2557883968266544e-05,0.00010922905647346938,0.0001689898388274702,6.617262564111556e-05,0.00018345305330211365,0.00036942475541154834
BBSE3.SA,3.0991127626809324e-05,0.00015243766815174064,0.0002497529306587111,-2.097317962420452e-05,1.0668736039742657e-05,0.00033646471694259066,0.0002376548389080142,0.00025746374810520776,0.00022512213121877068,0.00021814175400155643,0.0003257407195229858,8.88528435148222e-05,3.0534924423954445e-06,6.665371121232982e-05,0.00019021080325743532,0.00028501449152848506,4.473138060653768e-05,0.00017367366621518163,0.00023570690403833922,-1.7504074563647415e-05,6.689128736197089e-06,0.00016407336113077205,0.00029045690810507527,2.2277212700199505e-05,0.00022219789732698525,0.00013910734110028828,0.0002741008921018084,0.0001654779546072142,0.00016439205084953042,0.000274855960483847,0.00017128743149574888,0.00019559277229902252,0.00019225959128046216,2.0799742728332374e-05,-1.2014329651353782e-05,1.2667729074461147e-05,3.0148689017169922e-05,3.745662357976298e-05,4.237895558587653e-05,-5.222091025163908e-06,0.00019209309790563635,0.0002359848256187277,-1.2261699241296021e-05,0.00019710072528401313,0.00020473144774184275,0.00010647863485320993,0.00021689555512300802,-1.368753455596456e-05,4.499115913702656e-05,4.942233799972189e-05,9.199681457006944e-06,-2.5359783064195124e-06,3.656184406651016e-05,3.920372834765561e-06,0.0002379777410731099,3.748332824299399e-05,-5.088201078949881e-06,1.4054105142645783e-05,5.5456954685407265e-05,2.8991712663192786e-05,4.0347202388473275e-05,0.00022141589794256108,0.00023683937913248653,4.0049686711400115e-05,0.00015603264841705737,-2.455473323115975e-05,-8.376207206740909e-06,1.961097998753285e-05,2.5613831069011295e-05,-2.9879760415014284e-05,-3.630721377903043e-05,0.00021832969325265566,-1.4384483509108441e-05,0.00021616387884818643,-4.812461827935793e-06,0.0001198918294100522,0.0001784643347948104,2.9209508355308587e-05,0.00022571273205281044,3.161740563989677e-05,9.869900890746026e-05,0.00022491823454362213,7.576609285131952e-06,9.082486932971963e-05,3.7584105254818246e-05,0.0001458461390269063,0.00020564101646538738,3.275903210197952e-05,0.00028341997070649054,0.00019619919666331455,0.00013247636717037995,0.00023717376621414763,3.49540664354132e-05,1.5824225449015216e-05,6.362594828213827e-05,0.00011040000373192341,3.537715863493985e-05,0.00016037651925387224,0.00021690780457116714
BEEF3.SA,9.405130409174192e-05,0.00015521466946112625,0.00024401174470269302,8.903182119713469e-05,1.5118198929448845e-05,0.0003775937954971661,0.00021885258045684,0.00019464526069965462,0.0001604368270746267,0.0001650239597389798,8.88528435148222e-05,0.0008843232027061077,3.4202189980983773e-05,0.00010140218572875218,0.00020822925635057967,0.00028625389612060186,4.579643048219804e-05,0.00042853011651757477,0.000276357655150717,3.0317382595376395e-05,1.2152137001740308e-05,0.00014250685941470488,0.00024839049503290624,8.092501376899647e-05,0.0002379275361476285,8.426746448444457e-05,0.00020745991662451897,0.00016345683887025877,0.00011586933579796616,0.00025332975958468134,0.00016091476210520515,0.00024692124086741183,0.0002384339762525617,7.933186462848795e-05,3.610678342488741e-05,1.9137244396166922e-05,8.637506078186157e-05,7.106942204966306e-05,4.155949550339225e-05,-3.686609036872917e-05,0.00020538637725365882,0.00023678020941319828,0.00012636575266017458,0.00012283870866267483,0.00012281444322695376,0.00044572646442085623,0.0002670727153231563,-1.2914176613013111e-05,7.138191483305339e-05,0.00021307702093006185,2.5942984423764046e-05,3.4302577250181735e-05,5.645155271091729e-05,2.8699916658218817e-05,0.0002028152950895178,3.5499787103788172e-06,7.996724422551746e-05,3.409519022618739e-05,0.00021800105383574468,4.325616511170501e-05,0.00010016636859769114,0.0003596108438610525,0.00020683773377849134,3.117170983999597e-05,0.00014153038098141266,7.840759677283377e-05,3.440306944231461e-05,0.0001696867469824861,6.728382554982236e-05,1.2404240990869345e-05,-2.2857890900062976e-05,0.0002902470728237656,4.167109877684297e-06,0.0003465693619935926,9.165324482258421e-05,0.0001480629500909023,0.0002562512818508353,-6.464357292462676e-06,0.00014814710256485372,4.8798678487972385e-05,0.00016624269484490079,0.00023012793162914397,0.00020735896354426124,8.884193789159555e-05,2.9529057385686665e-05,0.0001480754471598587,0.00022021971144902097,0.00022670571163808847,0.0002598460459825356,0.00022659359486135308,0.0001909356532947237,0.00019102172556370638,3.799760589120737e-05,4.334766757814803e-05,5.988926505920842e-05,0.0001132830949751681,3.498586304067194e-05,0.000219268535944178,0.00025230355731624215
BERK34.SA,0.0001760949289682601,-1.5392524041209152e-06,-5.877364101919252e-06,0.00014159767610775648,0.00014503058858210866,1.5754860051883764e-05,-2.1623293825747922e-05,1.576844304208539e-05,3.388312645405744e-05,3.636076341995786e-05,3.0534924423954445e-06,3.4202189980983773e-05,0.00024601222463426213,0.00022097660840033226,1.9253618037076046e-05,1.3834768042870754e-05,9.71084459248155e-06,2.7556903296921567e-05,8.625974154919576e-05,0.00014139590173981237,0.0001320817911238306,-1.7999211322878726e-05,-3.6434128112374344e-05,0.00018368734295397542,-3.713823364890151e-06,-1.0744976749203936e-05,1.569897021928977e-05,-2.0839279613426303e-05,-1.1484433411741313e-05,-2.2305318298054035e-05,-1.6266803325468632e-05,8.097232740816033e-05,7.935512291384698e-05,0.0001563783753661341,0.00015502966108713403,1.7950916614624843e-06,1.937342034673402e-05,1.750244881376205e-05,1.68977127819662e-05,1.0992128001678085e-05,7.927599421302869e-06,3.0252311301693768e-05,0.00016837576232197414,1.708762946763804e-05,2.736941517075615e-05,4.202862456980095e-05,-2.5844066657474955e-05,0.0001531660679613949,0.00021223237302528706,5.384684879112718e-05,6.247206829432341e-07,-4.164724894507303e-06,1.2086884929208176e-05,-2.159610766487388e-06,-2.4612342582143007e-05,1.6596193226156675e-05,0.0001418089388925705,0.0001361790382942352,0.00012179291870744843,0.00018546931364049615,0.00015637818448355735,-3.1581657674000445e-05,-2.0270597629706218e-05,1.4606625960810138e-05,6.535763575684895e-06,0.00010893499067506481,0.00014579640302186863,0.00016059476729953485,-2.0328721397127194e-05,0.00010961348327709569,9.885932908158858e-05,4.424690424676578e-05,0.00013813719592573268,8.625488901100503e-05,0.0001473336218148191,-3.0933439928407014e-05,2.021158349088039e-06,1.168047330735768e-05,3.7321248580367056e-05,0.00014034517332500376,-1.2422246183058867e-07,-2.8155924943417414e-05,7.398826782180997e-05,-6.4375619418597155e-06,1.8338977501033658e-05,1.1001665354810087e-06,-9.598438344182736e-06,0.00014198299705639876,-1.9279207754456928e-05,6.023042862108664e-05,8.82864910756087e-05,-2.052044912799048e-05,1.3762551799930192e-05,0.0001787632336021216,3.0852849448424085e-05,1.0580864460641484e-05,1.6931135734146132e-05,-8.468424969043641e-06,-8.495271941377654e-06
BOAC34.SA,0.0001970870440831505,9.760772016433537e-05,0.0001381859799817236,0.0001303990384702047,0.00021584699022759071,0.00027776349323409646,8.043418259366033e-05,0.00016688815131012054,0.00017368504473601044,0.00018291477369217023,6.665371121232982e-05,0.00010140218572875218,0.00022097660840033226,0.0005645070690078098,0.00013648296153361735,0.0001903293983922751,3.889214866688762e-05,0.00015301712004475268,0.0002314054216914986,0.000198920193829365,0.00014238478139068584,4.248392992803471e-05,0.00012022051703212954,0.00027662033379352347,0.00014803318288629362,3.0011128736535373e-05,0.00011757109085707953,6.227446232477028e-05,6.236821393080506e-05,0.00010852000912353951,5.0434283939331084e-05,0.0002351785926623813,0.00023867342157433985,0.00017963461254078025,0.0002709999113853155,3.315867138069869e-05,4.8921614712167576e-05,6.806319924563932e-05,4.324096561204178e-05,-1.0928688492932326e-05,9.306358974831873e-05,0.00013724448540455272,0.00020894223472317646,0.00013288334870329184,0.000150363248324721,0.00013839675362756462,0.00011695941079820164,0.00013549867684317643,0.0004330885481860863,0.00010834665602353463,8.566237784620648e-06,5.849675918200652e-06,3.680797202318145e-05,1.8996294668323e-05,0.00014362212549588995,2.6956427891094993e-05,0.0001744254098170369,0.0001669401243826606,0.00022115004276012355,0.0002480925220370619,0.00017397246481793799,0.00010689080204860964,0.00011894067157392209,3.977471218308945e-05,6.852743299279813e-05,0.00012747021380314736,0.00017447434114928906,0.00023408992608974755,-7.535387662080283e-06,0.00010135130829908571,8.077647859594873e-05,0.00021749754674431636,0.00014812020962908157,0.00029982167272203235,0.000179420562860111,3.1189224102563876e-06,0.00013228443520891793,3.6470942528807146e-05,0.0001813391169778612,0.00020371707532691364,6.434899821399543e-05,9.878051687765102e-05,0.00011292395073062577,2.4582890403009834e-05,3.165757534816527e-05,8.500247695525414e-05,7.218164894638887e-05,0.0002680159666836472,0.0001379553428522854,0.00021075374370915553,0.00019727381900752205,0.00010487132184220865,3.333382577425483e-05,0.00022944609988628862,5.3224161625784246e-05,4.983303683275141e-05,3.958965477239383e-05,7.45987808577408e-05,0.00018678038559710974
BOVA11.SA,8.26056162136397e-05,0.00021913386172534488,0.00038136331215284753,1.1724117098470172e-05,2.136275973045537e-05,0.000593590633427204,0.00036845930062458986,0.00036108802821846323,0.0003404023718404812,0.0003424167223139838,0.00019021080325743532,0.00020822925635057967,1.9253618037076046e-05,0.00013648296153361735,0.0003192827635152477,0.0004414799723824366,7.212415338793781e-05,0.00031650037778503746,0.0003978655105018803,1.4375417912794418e-05,7.833603976566656e-06,0.00022239550085145142,0.00046205378390977577,7.003549260442989e-05,0.000368937491178632,0.0001676064611499584,0.00038342741994583677,0.0002335958046173899,0.0002283225363807407,0.00043221840664605185,0.00024218998206726737,0.000355652425474203,0.00034723629656408384,5.773999965561909e-05,2.4284773324628743e-05,4.4595727912169325e-05,7.796674064838535e-05,7.413194532991243e-05,6.975532512577889e-05,3.3241437790224317e-06,0.0002565774732192822,0.00036366609645019604,5.667837147409227e-05,0.000277200799351189,0.00029518512296636176,0.00023677572028727426,0.00037485738269280397,-2.4518527405155503e-05,0.00010084824806127333,0.00014152401990984382,2.4993917705935396e-05,1.7475079265166545e-05,6.280307830655185e-05,3.316639786020093e-05,0.00037313212265784924,4.5662697393542516e-05,4.104603867341492e-05,2.162277228247255e-05,0.0001673310242703257,6.314699714473424e-05,6.170536178851483e-05,0.0004533902757002943,0.00035330143775134525,5.8522298782122856e-05,0.00021904371731013277,4.971595765638904e-06,1.2987974635103007e-05,0.00010605354536193268,6.172865446879685e-05,-2.8987818069043668e-05,-5.120544237446017e-05,0.0004023578211337703,-1.3233100982792563e-05,0.000455630360637231,5.1952244749097996e-05,0.0001748152154462154,0.0003072499253513659,2.9604985190358398e-05,0.00031349754542257845,5.4556226957531305e-05,0.000153835205764577,0.00034275064442642613,0.0001165291883549239,0.0001159371966373779,4.887724522422141e-05,0.0001970226571429643,0.0003138207322015646,0.00015392033846164585,0.00041915157418155456,0.00038442832289781203,0.0002924873889033849,0.0003532673729001519,6.566332157048871e-05,4.4375729129173475e-05,9.613860089627852e-05,0.0001474822518716915,6.019210684763774e-05,0.0002488162499989763,0.0003546192220879546
BPAC11.SA,0.0001329016077875299,0.0003004976748158719,0.0006641810815231728,2.266042749474776e-05,1.0654198953621691e-05,0.0009275393074692762,0.0006177042496979845,0.0005225352259230679,0.0004967284412537163,0.0004978665200203959,0.00028501449152848506,0.00028625389612060186,1.3834768042870754e-05,0.0001903293983922751,0.0004414799723824366,0.0010760882459989452,0.00010283247558495073,0.0004474014985911575,0.0005640315383035501,-1.669591994747239e-05,1.6434465609236122e-05,0.0003552509543334403,0.0008166126395840229,0.0001057983888515796,0.000612868491481144,0.00024791686978927065,0.0005518317176299362,0.0003868379330378239,0.00034593731256385744,0.0007816634366312688,0.00037783858958977877,0.0004506279876681763,0.00043424582072480375,8.07697412109639e-05,1.784942578656267e-05,7.196076299516448e-05,0.00012014894059726098,0.00012721608964929578,0.00010920614088296137,-1.422374282131436e-05,0.00038801308624464526,0.0005999636669876337,5.127569625136979e-05,0.000406158109844117,0.00041940684046853693,0.00031170056948936066,0.0006406491432046023,-3.7584554863763034e-05,0.00013432827688594052,0.00017262421891663828,2.8530797378358233e-05,1.977709585347942e-05,0.00010115030697305129,3.996274967671863e-05,0.0006065105151585311,4.613867117341492e-05,8.332081886695698e-05,3.948341162083956e-05,0.00026134425154183076,0.00010123553164527342,8.997984683965244e-05,0.0007263526148111181,0.0005690470659104949,9.131659845584412e-05,0.000348564293524383,1.705439950814871e-05,2.098009372873723e-05,0.00016452441683493556,7.659507215491976e-05,-3.622308068800669e-05,-7.081572108508787e-05,0.0004957623344714002,-3.443872424207831e-05,0.0006257258612841133,0.00011423242298427865,0.0002553103039957317,0.0004717392055794121,6.234166112081428e-05,0.00046385666270654406,9.726705722700455e-05,0.00017281242188193946,0.0005702108413276287,0.00010834799735975186,0.000177482216346655,7.155494599459813e-05,0.00030781761977255245,0.0005210617672941982,0.0002105435079192713,0.0006701410014226413,0.0004941009119701319,0.0003084873382440415,0.0005473824972230816,9.78260058080812e-05,7.171138645289438e-05,0.0001412177927043202,0.00022034723466452625,7.850913070245502e-05,0.000341794859553525,0.0005898707051338404
BRCR11.SA,1.6454143166216934e-05,4.699933507359419e-05,9.891956397712957e-05,-1.1059871662990065e-05,1.981787397177511e-05,0.00018746264099107728,9.021562013981018e-05,8.995768248660329e-05,7.846455155427309e-05,7.781576553835282e-05,4.473138060653768e-05,4.579643048219804e-05,9.71084459248155e-06,3.889214866688762e-05,7.212415338793781e-05,0.00010283247558495073,0.00013318625890581428,8.313313824312033e-05,0.00013421483343116491,-1.500773249788236e-06,1.0164593954542545e-05,6.371267737551386e-05,0.00012288382891665792,1.828465480893729e-05,0.00010996165357410526,3.173326896181237e-05,0.00010127214751780231,5.598166082002784e-05,4.765258136628521e-05,0.00012020855506871297,6.166119776746906e-05,8.570612111207684e-05,7.913649231815876e-05,7.362369341734418e-06,1.3927390725416681e-05,2.920987092830201e-05,4.5791462532936156e-05,5.475318829086328e-05,5.990310742654924e-05,1.77535658073066e-05,6.861944012433634e-05,8.457937854567859e-05,1.2652176756690315e-05,6.211289127045366e-05,6.354011408977347e-05,4.7797091730366125e-05,9.647053023372336e-05,3.696290977040845e-06,2.341617637641122e-05,3.385224467889244e-05,2.07905085436805e-05,1.1596388489905383e-05,4.470093917918079e-05,2.8120982480314235e-05,9.887677102186141e-05,3.481499533406171e-05,-2.1845540467593733e-06,2.332571506136244e-05,1.931238315021133e-05,2.001020640213706e-05,1.094258500757153e-05,0.00013281344496913732,8.649787080669013e-05,3.3653172300496005e-05,5.7320697434089125e-05,-2.0898364501321882e-05,-1.5691361015461382e-06,1.367619289498265e-05,5.8077140333147785e-06,-1.4041387364110438e-05,-1.1633430688879173e-05,8.444698881319503e-05,8.110485286852983e-07,0.00011696586963041701,2.246606908953157e-05,4.1887048836084394e-05,6.171523466349834e-05,2.0324965330201748e-05,6.680624090671856e-05,2.0540262499417988e-05,3.410319283129087e-05,0.00010123756551439559,2.52037710136473e-05,3.332167151538975e-05,4.006960049066437e-05,4.275049792296289e-05,8.129001613398869e-05,2.339043095871965e-05,8.691949096024831e-05,9.152488360209801e-05,6.0708667009745514e-05,8.62374803903708e-05,6.277673065508591e-05,1.2823361401527364e-05,7.678970186160073e-05,2.681593634190377e-05,5.1168688094005794e-05,5.8330351350680645e-05,0.00010698835991269296
